time: 1729659743.607865, predict:"{'model_output': [['cubbyhouse', 0.45059887], ['swing', 0.13124448], ['bright', 0.05187213], ['doorbell', 0.033698957], ['plastic', 0.024163418], ['bad', 0.021084355], ['reuse', 0.020111099], ['press', 0.018765775], ['2', 0.012929541], ['sultana', 0.012331836]]}"

time: 1729659746.8067718, predict:"{'model_output': [['cubbyhouse', 0.23828647], ['bad', 0.08844772], ['bright', 0.0833475], ['doorbell', 0.04609225], ['press', 0.036694825], ['hello', 0.03161922], ['reuse', 0.028080454], ['yes', 0.026155738], ['plasticene', 0.02404609], ['carry', 0.02298211]]}"

time: 1729659751.150951, predict:"{'model_output': [['cubbyhouse', 0.2119258], ['bad', 0.101829514], ['bright', 0.076473914], ['doorbell', 0.047102634], ['plasticene', 0.03781689], ['carry', 0.031828225], ['plastic', 0.029263757], ['yes', 0.029227082], ['press', 0.026594128], ['reuse', 0.025353882]]}"

